━━━━━━━━━━━━━━━━━━━━━━━━━━━━━━━━━━━━━━━━━━━━━━━━━━━━━━━━━━━━━━━━━━━━━━━━━━━━━━━━━
 Language              Files        Lines         Code     Comments       Blanks
━━━━━━━━━━━━━━━━━━━━━━━━━━━━━━━━━━━━━━━━━━━━━━━━━━━━━━━━━━━━━━━━━━━━━━━━━━━━━━━━━
 Autoconf                  1            9            9            0            0
 BASH                      2          905          642          151          112
 CSS                       1           54           41            5            8
 Dockerfile                5          314          206           55           53
 INI                       2           68           56            0           12
 JSON                     10          964          949            0           15
 Lua                      10          259          181           59           19
 Rusty Object Nota|        2           37           28            9            0
 Shell                    42         5045         3106          997          942
 Plain Text               16          300            0          300            0
 TOML                     10         3015         2081          506          428
 YAML                      8          958          568          339           51
 Zsh                      27         1482         1118          197          167
─────────────────────────────────────────────────────────────────────────────────
 Markdown                 15         2668            0         2113          555
 |- BASH                   3           73           61            8            4
 (Total)                             2741           61         2121          559
━━━━━━━━━━━━━━━━━━━━━━━━━━━━━━━━━━━━━━━━━━━━━━━━━━━━━━━━━━━━━━━━━━━━━━━━━━━━━━━━━
 Total                   151        16151         9046         4739         2366
━━━━━━━━━━━━━━━━━━━━━━━━━━━━━━━━━━━━━━━━━━━━━━━━━━━━━━━━━━━━━━━━━━━━━━━━━━━━━━━━━
